       585
     25361          2      25759      25761          4
     25362          2      25761      25762          4
     25363          2      25762      25763          4
     25364          2      25763      25764          4
     25365          2      25764      25765          4
     25366          2      25765      25766          4
     25367          2      25766      25767          4
     25368          2      25767      25768          4
     25369          2      25768      25769          4
     25370          2      25769      25770          4
     25371          2      25770      25771          4
     25372          2      25771      25772          4
     25373          2      25772      25773          4
     25374          2      25773      25774          4
     25375          2      25774      25775          4
     25376          2      25775      25776          4
     25377          2      25776      25777          4
     25378          2      25777      25778          4
     25379          2      25778      25779          4
     25380          2      25779      25780          4
     25381          2      25780      25781          4
     25382          2      25781      25782          4
     25383          2      25782      25783          4
     25384          2      25783      25784          4
     25385          2      25784      25785          4
     25386          2      25785      25786          4
     25387          2      25786      25787          4
     25388          2      25787      25788          4
     25389          2      25788      25789          4
     25390          2      25789      25790          4
     25391          2      25790      25791          4
     25392          2      25791      25792          4
     25393          2      25792      25793          4
     25394          2      25793      25794          4
     25395          2      25794      25795          4
     25396          2      25795      25796          4
     25397          2      25796      25797          4
     25398          2      25797      25798          4
     25399          2      25798      25799          4
     25400          2      25799      25800          4
     25401          2      25800      25801          4
     25402          2      25801      25802          4
     25403          2      25802      25803          4
     25404          2      25803      25804          4
     25405          2      25804      25805          4
     25406          2      25805      25806          4
     25407          2      25806      25807          4
     25408          2      25807      25808          4
     25409          2      25808      25809          4
     25410          2      25809      25810          4
     25411          2      25810      25811          4
     25412          2      25811      25812          4
     25413          2      25812      25813          4
     25414          2      25813      25814          4
     25415          2      25814      25815          4
     25416          2      25815      25816          4
     25417          2      25816      25817          4
     25418          2      25817      25818          4
     25419          2      25818      25819          4
     25420          2      25819      25820          4
     25421          2      25820      25821          4
     25422          2      25821      25822          4
     25423          2      25822      25823          4
     25424          2      25823      25824          4
     25425          2      25824      25825          4
     25426          2      25825      25826          4
     25427          2      25826      25827          4
     25428          2      25827      25828          4
     25429          2      25828      25829          4
     25430          2      25829      25830          4
     25431          2      25830      25831          4
     25432          2      25831      25832          4
     25433          2      25832      25833          4
     25434          2      25833      25834          4
     25435          2      25834      25835          4
     25436          2      25835      25836          4
     25437          2      25836      25837          4
     25438          2      25837      25838          4
     25439          2      25838      25839          4
     25440          2      25839      25760          4
     37538          2      37288      38096          2
     37539          2      38096      38095          2
     37540          2      38095      38094          2
     37541          2      38094      38093          2
     37542          2      38093      38092          2
     37543          2      38092      38091          2
     37544          2      38091      38090          2
     37545          2      38090      38089          2
     37546          2      38089      38088          2
     37547          2      38088      38087          2
     37548          2      38087      38086          2
     37549          2      38086      38085          2
     37550          2      38085      38084          2
     37551          2      38084      38083          2
     37552          2      38083      38082          2
     37553          2      38082      38081          2
     37554          2      38081      38080          2
     37555          2      38080      38079          2
     37556          2      38079      38078          2
     37557          2      38078      38077          2
     37558          2      38077      38076          2
     37559          2      38076      38075          2
     37560          2      38075      38074          2
     37561          2      38074      38073          2
     37562          2      38073      38072          2
     37563          2      38072      38071          2
     37564          2      38071      38070          2
     37565          2      38070      38069          2
     37566          2      38069      38068          2
     37567          2      38068      38067          2
     37568          2      38067      38066          2
     37569          2      38066      38065          2
     37570          2      38065      38064          2
     37571          2      38064      38063          2
     37572          2      38063      38062          2
     37573          2      38062      38061          2
     37574          2      38061      38060          2
     37575          2      38060      38059          2
     37576          2      38059      38058          2
     37577          2      38058      38057          2
     37578          2      38057      38056          2
     37579          2      38056      38055          2
     37580          2      38055      38054          2
     37581          2      38054      38053          2
     37582          2      38053      38052          2
     37583          2      38052      38051          2
     37584          2      38051      38050          2
     37585          2      38050      38049          2
     37586          2      38049      38048          2
     37587          2      38048      38047          2
     37588          2      38047      38046          2
     37589          2      38046      38045          2
     37590          2      38045      38044          2
     37591          2      38044      38043          2
     37592          2      38043      38042          2
     37593          2      38042      38041          2
     37594          2      38041      38040          2
     37595          2      38040      38039          2
     37596          2      38039      38038          2
     37597          2      38038      38037          2
     37598          2      38037      38036          2
     37599          2      38036      38035          2
     37600          2      38035      38034          2
     37601          2      38034      38033          2
     37602          2      38033      38032          2
     37603          2      38032      38031          2
     37604          2      38031      38030          2
     37605          2      38030      38029          2
     37606          2      38029      38028          2
     37607          2      38028      38027          2
     37608          2      38027      38026          2
     37609          2      38026      38025          2
     37610          2      38025      38024          2
     37611          2      38024      38023          2
     37612          2      38023      38022          2
     37613          2      38022      38021          2
     37614          2      38021      38020          2
     37615          2      38020      38019          2
     37616          2      38019      38018          2
     37617          2      38018      38017          2
     28250          2      27973      28703          1
     28251          2      28703      28704          1
     28252          2      28704      28705          1
     28253          2      28705      28706          1
     28254          2      28706      28707          1
     28255          2      28707      28708          1
     28256          2      28708      28709          1
     28257          2      28709      28710          1
     28258          2      28710      28711          1
     28259          2      28711      28712          1
     28260          2      28712      28713          1
     28261          2      28713      28714          1
     28262          2      28714      28715          1
     28263          2      28715      28716          1
     28264          2      28716      28717          1
     28265          2      28717      28718          1
     28266          2      28718      28719          1
     28267          2      28719      28720          1
     28268          2      28720      28721          1
     28269          2      28721      28722          1
     28270          2      28722      28723          1
     28271          2      28723      28724          1
     28272          2      28724      28725          1
     28273          2      28725      28726          1
     28274          2      28726      28727          1
     28275          2      28727      28728          1
     28276          2      28728      28729          1
     28277          2      28729      28730          1
     28278          2      28730      28731          1
     28279          2      28731      28732          1
     28280          2      28732      28733          1
     28281          2      28733      28734          1
     28282          2      28734      28735          1
     28283          2      28735      28736          1
     28284          2      28736      28737          1
     28285          2      28737      28738          1
     28286          2      28738      28739          1
     28287          2      28739      28740          1
     28288          2      28740      28741          1
     28289          2      28741      28742          1
     28290          2      28742      28743          1
     28291          2      28743      28744          1
     28292          2      28744      28745          1
     28293          2      28745      28746          1
     28294          2      28746      28747          1
     28295          2      28747      28748          1
     28296          2      28748      28749          1
     28297          2      28749      28750          1
     28298          2      28750      28751          1
     28299          2      28751      28752          1
     28300          2      28752      28753          1
     28301          2      28753      28754          1
     28302          2      28754      28755          1
     28303          2      28755      28756          1
     28304          2      28756      28757          1
     28305          2      28757      28758          1
     28306          2      28758      28759          1
     28307          2      28759      28760          1
     28308          2      28760      28761          1
     28309          2      28761      28762          1
     28310          2      28762      28763          1
     28311          2      28763      28764          1
     28312          2      28764      28765          1
     28313          2      28765      28766          1
     28314          2      28766      28767          1
     28315          2      28767      28768          1
     28316          2      28768      28769          1
     28317          2      28769      28770          1
     28318          2      28770      28771          1
     28319          2      28771      28772          1
     28320          2      28772      28773          1
     28321          2      28773      28774          1
     28322          2      28774      28775          1
     28323          2      28775      28776          1
     28324          2      28776      28777          1
     28325          2      28777      28778          1
     28326          2      28778      28779          1
     28327          2      28779      28780          1
     28328          2      28780      28781          1
     28329          2      28781      28782          1
     28330          2      28782      28783          1
     28331          2      28783      28784          1
     28332          2      28784      28785          1
     28333          2      28785      28786          1
     28334          2      28786      28787          1
     28335          2      28787      28788          1
     28336          2      28788      28789          1
     28337          2      28789      28790          1
     28338          2      28790      28791          1
     28339          2      28791      28792          1
     28340          2      28792      28793          1
     28341          2      28793      28794          1
     28342          2      28794      28795          1
     28343          2      28795      28796          1
     28344          2      28796      28797          1
     28345          2      28797      28798          1
     28346          2      28798      28799          1
     28347          2      28799      28800          1
     28348          2      28800      28801          1
     28349          2      28801      28802          1
     28350          2      28802      28803          1
     28351          2      28803      28804          1
     28352          2      28804      28805          1
     28353          2      28805      28806          1
     28354          2      28806      28807          1
     28355          2      28807      28808          1
     28356          2      28808      28809          1
     28357          2      28809      28810          1
     28358          2      28810      28811          1
     28359          2      28811      28812          1
     28360          2      28812      28813          1
     28361          2      28813      28814          1
     28362          2      28814      28815          1
     28363          2      28815      28816          1
     28364          2      28816      28817          1
     28365          2      28817      28818          1
     28366          2      28818      28819          1
     28367          2      28819      28820          1
     28368          2      28820      28821          1
     28369          2      28821      28822          1
     28370          2      28822      28823          1
     28371          2      28823      28824          1
     28372          2      28824      28825          1
     28373          2      28825      28826          1
     28374          2      28826      28827          1
     28375          2      28827      28828          1
     28376          2      28828      28829          1
     28377          2      28829      28830          1
     28378          2      28830      28831          1
     28379          2      28831      28832          1
     28380          2      28832      28833          1
     28381          2      28833      28834          1
     28382          2      28834      28835          1
     28383          2      28835      28836          1
     28384          2      28836      28837          1
     28385          2      28837      28838          1
     28386          2      28838      28839          1
     28387          2      28839      28840          1
     28388          2      28840      28841          1
     28389          2      28841      28842          1
     28390          2      28842      28843          1
     28391          2      28843      28844          1
     28392          2      28844      28845          1
     28393          2      28845      28846          1
     28394          2      28846      28847          1
     28395          2      28847      28848          1
     28396          2      28848      28849          1
     28397          2      28849      28850          1
     28398          2      28850      28851          1
     28399          2      28851      28852          1
     28400          2      28852      28853          1
     28401          2      28853      28854          1
     28402          2      28854      28855          1
     28403          2      28855      28856          1
     28404          2      28856      28857          1
     28405          2      28857      28858          1
     28406          2      28858      28859          1
     28407          2      28859      28860          1
     28408          2      28860      28861          1
     28409          2      28861      28862          1
     28410          2      28862      28863          1
     28411          2      28863      28864          1
     28412          2      28864      28865          1
     28413          2      28865      28866          1
     28414          2      28866      28867          1
     28415          2      28867      28868          1
     28416          2      28868      28869          1
     28417          2      28869      28870          1
     28418          2      28870      28871          1
     28419          2      28871      28872          1
     28420          2      28872      28873          1
     28421          2      28873      28874          1
     28422          2      28874      28875          1
     28423          2      28875      28876          1
     28424          2      28876      28877          1
     28425          2      28877      28878          1
     28426          2      28878      28879          1
     28427          2      28879      28880          1
     28428          2      28880      28881          1
     28429          2      28881      28882          1
     28430          2      28882      28883          1
     28431          2      28883      28884          1
     28432          2      28884      28885          1
     28433          2      28885      28886          1
     28434          2      28886      28887          1
     28435          2      28887      28888          1
     28436          2      28888      28889          1
     28437          2      28889      28890          1
     28438          2      28890      28891          1
     28439          2      28891      28892          1
     28440          2      28892      28893          1
     28441          2      28893      28894          1
     28442          2      28894      28895          1
     28443          2      28895      28896          1
     28444          2      28896      28897          1
     28445          2      28897      28898          1
     28446          2      28898      28899          1
     28447          2      28899      28900          1
     28448          2      28900      28901          1
     28449          2      28901      28902          1
     28450          2      28902      28903          1
     28451          2      28903      28904          1
     28452          2      28904      28905          1
     28453          2      28905      28906          1
     28454          2      28906      28907          1
     28455          2      28907      28908          1
     28456          2      28908      28909          1
     28457          2      28909      28910          1
     28458          2      28910      28911          1
     28459          2      28911      28912          1
     28460          2      28912      28913          1
     28461          2      28913      28914          1
     28462          2      28914      28915          1
     28463          2      28915      28916          1
     28464          2      28916      28917          1
     28465          2      28917      28918          1
     28466          2      28918      28919          1
     28467          2      28919      28920          1
     28468          2      28920      28921          1
     28469          2      28921      28922          1
     28470          2      28922      28923          1
     28471          2      28923      28924          1
     28472          2      28924      28925          1
     28473          2      28925      28926          1
     28474          2      28926      28927          1
     28475          2      28927      28928          1
     28476          2      28928      28929          1
     28477          2      28929      28930          1
     28478          2      28930      28931          1
     28479          2      28931      28932          1
     28480          2      28932      28933          1
     28481          2      28933      28934          1
     28482          2      28934      28935          1
     28483          2      28935      28936          1
     28484          2      28936      28937          1
     28485          2      28937      28938          1
     28486          2      28938      28939          1
     28487          2      28939      28940          1
     28488          2      28940      28941          1
     28489          2      28941      28942          1
     28490          2      28942      28943          1
     28491          2      28943      28944          1
     28492          2      28944      28945          1
     28493          2      28945      28946          1
     28494          2      28946      28947          1
     28495          2      28947      28948          1
     28496          2      28948      28949          1
     28497          2      28949      28950          1
     28498          2      28950      28951          1
     28499          2      28951      28952          1
     28500          2      28952      28953          1
     28501          2      28953      28954          1
     28502          2      28954      28955          1
     28503          2      28955      28956          1
     28504          2      28956      28957          1
     28505          2      28957      28958          1
     28506          2      28958      28959          1
     28507          2      28959      28960          1
     28508          2      28960      28961          1
     28509          2      28961      28962          1
     28510          2      28962      28963          1
     28511          2      28963      28964          1
     28512          2      28964      28965          1
     28513          2      28965      28966          1
     28514          2      28966      28967          1
     28515          2      28967      28968          1
     28516          2      28968      28969          1
     28517          2      28969      28970          1
     28518          2      28970      28971          1
     28519          2      28971      28972          1
     28520          2      28972      28973          1
     28521          2      28973      28974          1
     28522          2      28974      28975          1
     28523          2      28975      28976          1
     28524          2      28976      28977          1
     28525          2      28977      28978          1
     28526          2      28978      28979          1
     28527          2      28979      28980          1
     28528          2      28980      28981          1
     28529          2      28981      28982          1
     28530          2      28982      28983          1
     28531          2      28983      28984          1
     28532          2      28984      28985          1
     28533          2      28985      28986          1
     28534          2      28986      28987          1
     28535          2      28987      28988          1
     28536          2      28988      28989          1
     28537          2      28989      28990          1
     28538          2      28990      28991          1
     28539          2      28991      28992          1
     28540          2      28992      28993          1
     28541          2      28993      28994          1
     28542          2      28994      28995          1
     28543          2      28995      28996          1
     28544          2      28996      28997          1
     28545          2      28997      28998          1
     28546          2      28998      28999          1
     28547          2      28999      29000          1
     28548          2      29000      29001          1
     28549          2      29001      29002          1
     28550          2      29002      29003          1
     28551          2      29003      29004          1
     28552          2      29004      29005          1
     28553          2      29005      29006          1
     28554          2      29006      29007          1
     28555          2      29007      29008          1
     28556          2      29008      29009          1
     28557          2      29009      29010          1
     28558          2      29010      29011          1
     28559          2      29011      29012          1
     28560          2      29012      29013          1
     28561          2      29013      29014          1
     28562          2      29014      29015          1
     28563          2      29015      29016          1
     28564          2      29016      29017          1
     28565          2      29017      29018          1
     28566          2      29018      28702          1
     27521          2      25759      27972          4
     27522          2      27972      27971          4
     27523          2      27971      27970          4
     27524          2      27970      27969          4
     27525          2      27969      27968          4
     27526          2      27968      27967          4
     27527          2      27967      27966          4
     27528          2      27966      27965          4
     27529          2      27965      27964          4
     27530          2      27964      27963          4
     27531          2      27963      27962          4
     27532          2      27962      27961          4
     27533          2      27961      27960          4
     27534          2      27960      27959          4
     27535          2      27959      27958          4
     27536          2      27958      27957          4
     27537          2      27957      27956          4
     27538          2      27956      27955          4
     27539          2      27955      27954          4
     27540          2      27954      27953          4
     27541          2      27953      27952          4
     27542          2      27952      27951          4
     27543          2      27951      27950          4
     27544          2      27950      27949          4
     27545          2      27949      27948          4
     27546          2      27948      27947          4
     27547          2      27946      27974          1
     27547          2      27947      27946          4
     27574          2      27974      27975          1
     27601          2      27975      27976          1
     27628          2      27976      27977          1
     27655          2      27977      27978          1
     27682          2      27978      27979          1
     27709          2      27979      27980          1
     27736          2      27980      27981          1
     27763          2      27981      27982          1
     27790          2      27982      27983          1
     27817          2      27983      27984          1
     27844          2      27984      27985          1
     27871          2      27985      27986          1
     27898          2      27986      27987          1
     27925          2      27987      27988          1
     27952          2      27988      27989          1
     27979          2      27989      27990          1
     28006          2      27990      27991          1
     28033          2      27991      27992          1
     28060          2      27992      27993          1
     28087          2      27993      27994          1
     28114          2      27994      27995          1
     28141          2      27995      27996          1
     28168          2      27996      27997          1
     28195          2      27997      27998          1
     28222          2      27998      27999          1
     28249          2      27999      27973          1
     36809          2      28702      37287          1
     36810          2      37287      37286          1
     36811          2      37286      37285          1
     36812          2      37285      37284          1
     36813          2      37284      37283          1
     36814          2      37283      37282          1
     36815          2      37282      37281          1
     36816          2      37281      37280          1
     36817          2      37280      37279          1
     36818          2      37279      37278          1
     36819          2      37278      37277          1
     36820          2      37277      37276          1
     36821          2      37276      37275          1
     36822          2      37275      37274          1
     36823          2      37274      37273          1
     36824          2      37273      37272          1
     36825          2      37272      37271          1
     36826          2      37271      37270          1
     36827          2      37270      37269          1
     36828          2      37269      37268          1
     36829          2      37268      37267          1
     36830          2      37267      37266          1
     36831          2      37266      37265          1
     36832          2      37265      37264          1
     36833          2      37264      37263          1
     36834          2      37263      37262          1
     36835          2      37262      37261          1
     36835          2      37261      37289          2
     36862          2      37289      37290          2
     36889          2      37290      37291          2
     36916          2      37291      37292          2
     36943          2      37292      37293          2
     36970          2      37293      37294          2
     36997          2      37294      37295          2
     37024          2      37295      37296          2
     37051          2      37296      37297          2
     37078          2      37297      37298          2
     37105          2      37298      37299          2
     37132          2      37299      37300          2
     37159          2      37300      37301          2
     37186          2      37301      37302          2
     37213          2      37302      37303          2
     37240          2      37303      37304          2
     37267          2      37304      37305          2
     37294          2      37305      37306          2
     37321          2      37306      37307          2
     37348          2      37307      37308          2
     37375          2      37308      37309          2
     37402          2      37309      37310          2
     37429          2      37310      37311          2
     37456          2      37311      37312          2
     37483          2      37312      37313          2
     37510          2      37313      37314          2
     37537          2      37314      37288          2
