       371
        80          2         83          2
       160          2         84         83
       240          2         85         84
       320          2         86         85
       400          2         87         86
       480          2         88         87
       560          2         89         88
       640          2         90         89
       720          2         91         90
       800          2         92         91
       880          2         93         92
       960          2         94         93
      1040          2         95         94
      1120          2         96         95
      1200          2         97         96
      1280          2         98         97
      1360          2         99         98
      1440          2        100         99
      1520          2        101        100
      1600          2        102        101
      1680          2        103        102
      1760          2        104        103
      1840          2        105        104
      1920          2        106        105
      2000          2        107        106
      2080          2        108        107
      2160          2        109        108
      2240          2        110        109
      2320          2        111        110
      2400          2        112        111
      2480          2        113        112
      2560          2        114        113
      2640          2        115        114
      2720          2        116        115
      2800          2        117        116
      2880          2        118        117
      2960          2        119        118
      3040          2        120        119
      3120          2        121        120
      3200          2        122        121
      3280          2        123        122
      3360          2        124        123
      3440          2        125        124
      3520          2        126        125
      3600          2        127        126
      3680          2        128        127
      3760          2        129        128
      3840          2        130        129
      3920          2        131        130
      4000          2        132        131
      4080          2        133        132
      4160          2        134        133
      4240          2        135        134
      4320          2        136        135
      4400          2        137        136
      4480          2        138        137
      4560          2        139        138
      4640          2        140        139
      4720          2        141        140
      4800          2        142        141
      4880          2        143        142
      4960          2        144        143
      5040          2        145        144
      5120          2        146        145
      5200          2        147        146
      5280          2        148        147
      5360          2        149        148
      5440          2        150        149
      5520          2        151        150
      5600          2        152        151
      5680          2        153        152
      5760          2        154        153
      5840          2        155        154
      5920          2        156        155
      6000          2        157        156
      6080          2        158        157
      6160          2        159        158
      6240          2        160        159
      6320          2        161        160
      6400          2        162        161
      6480          2        163        162
      6560          2        164        163
      6640          2        165        164
      6720          2        166        165
      6800          2        167        166
      6880          2        168        167
      6960          2        169        168
      7040          2        170        169
      7120          2        171        170
      7200          2        172        171
      7280          2        173        172
      7360          2        174        173
      7440          2        175        174
      7520          2        176        175
      7600          2        177        176
      7680          2        178        177
      7760          2        179        178
      7840          2        180        179
      7920          2        181        180
      8000          2        182        181
      8080          2        183        182
      8160          2        184        183
      8240          2        185        184
      8320          2        186        185
      8400          2        187        186
      8480          2        188        187
      8560          2        189        188
      8640          2        190        189
      8720          2        191        190
      8800          2        192        191
      8880          2        193        192
      8960          2        194        193
      9040          2        195        194
      9120          2        196        195
      9200          2        197        196
      9280          2        198        197
      9360          2        199        198
      9440          2        200        199
      9520          2        201        200
      9600          2        202        201
      9680          2        203        202
      9760          2        204        203
      9840          2        205        204
      9920          2        206        205
     10000          2        207        206
     10080          2        208        207
     10160          2        209        208
     10240          2        210        209
     10320          2        211        210
     10400          2        212        211
     10480          2        213        212
     10560          2        214        213
     10640          2        215        214
     10720          2        216        215
     10800          2        217        216
     10880          2        218        217
     10960          2        219        218
     11040          2        220        219
     11120          2        221        220
     11200          2        222        221
     11280          2        223        222
     11360          2        224        223
     11440          2        225        224
     11520          2        226        225
     11600          2        227        226
     11680          2        228        227
     11760          2        229        228
     11840          2        230        229
     11920          2        231        230
     12000          2        232        231
     12080          2        233        232
     12160          2        234        233
     12240          2        235        234
     12320          2        236        235
     12400          2        237        236
     12480          2        238        237
     12560          2        239        238
     12640          2        240        239
     12720          2        241        240
     12800          2        242        241
     12880          2        243        242
     12960          2        244        243
     13040          2        245        244
     13120          2        246        245
     13200          2        247        246
     13280          2        248        247
     13360          2        249        248
     13440          2        250        249
     13520          2        251        250
     13600          2        252        251
     13680          2        253        252
     13760          2        254        253
     13840          2        255        254
     13920          2        256        255
     14000          2        257        256
     14080          2        258        257
     14160          2        259        258
     14240          2        260        259
     14320          2        261        260
     14400          2        262        261
     14480          2        263        262
     14560          2        264        263
     14640          2        265        264
     14720          2        266        265
     14800          2        267        266
     14880          2        268        267
     14960          2        269        268
     15040          2        270        269
     15120          2        271        270
     15200          2        272        271
     15280          2        273        272
     15360          2        274        273
     15440          2        275        274
     15520          2        276        275
     15600          2        277        276
     15680          2        278        277
     15760          2        279        278
     15840          2        280        279
     15920          2        281        280
     16000          2        282        281
     16080          2        283        282
     16160          2        284        283
     16240          2        285        284
     16320          2        286        285
     16400          2        287        286
     16480          2        288        287
     16560          2        289        288
     16640          2        290        289
     16720          2        291        290
     16800          2        292        291
     16880          2        293        292
     16960          2        294        293
     17040          2        295        294
     17120          2        296        295
     17200          2        297        296
     17280          2        298        297
     17360          2        299        298
     17440          2        300        299
     17520          2        301        300
     17600          2        302        301
     17680          2        303        302
     17760          2        304        303
     17840          2        305        304
     17920          2        306        305
     18000          2        307        306
     18080          2        308        307
     18160          2        309        308
     18240          2        310        309
     18320          2        311        310
     18400          2        312        311
     18480          2        313        312
     18560          2        314        313
     18640          2        315        314
     18720          2        316        315
     18800          2        317        316
     18880          2        318        317
     18960          2        319        318
     19040          2        320        319
     19120          2        321        320
     19200          2        322        321
     19280          2        323        322
     19360          2        324        323
     19440          2        325        324
     19520          2        326        325
     19600          2        327        326
     19680          2        328        327
     19760          2        329        328
     19840          2        330        329
     19920          2        331        330
     20000          2        332        331
     20080          2        333        332
     20160          2        334        333
     20240          2        335        334
     20320          2        336        335
     20400          2        337        336
     20480          2        338        337
     20560          2        339        338
     20640          2        340        339
     20720          2        341        340
     20800          2        342        341
     20880          2        343        342
     20960          2        344        343
     21040          2        345        344
     21120          2        346        345
     21200          2        347        346
     21280          2        348        347
     21360          2        349        348
     21440          2        350        349
     21520          2        351        350
     21600          2        352        351
     21680          2        353        352
     21760          2        354        353
     21840          2        355        354
     21920          2        356        355
     22000          2        357        356
     22080          2        358        357
     22160          2        359        358
     22240          2        360        359
     22320          2        361        360
     22400          2        362        361
     22480          2        363        362
     22560          2        364        363
     22640          2        365        364
     22720          2        366        365
     22800          2        367        366
     22880          2        368        367
     22960          2        369        368
     23040          2        370        369
     23120          2        371        370
     23200          2        372        371
     23280          2        373        372
     23360          2        374        373
     23440          2        375        374
     23520          2        376        375
     23600          2        377        376
     23680          2        378        377
     23760          2        379        378
     23840          2        380        379
     23920          2        381        380
     24000          2        382        381
     24080          2        383        382
     24160          2        384        383
     24240          2        385        384
     24320          2        386        385
     24400          2        387        386
     24480          2        388        387
     24560          2        389        388
     24640          2        390        389
     24720          2        391        390
     24800          2        392        391
     24880          2        393        392
     24960          2        394        393
     25040          2        395        394
     25120          2        396        395
     25200          2        397        396
     25280          2        398        397
     25360          2         82        398
     25440          2      25840      25760
     25520          2      25841      25840
     25600          2      25842      25841
     25680          2      25843      25842
     25760          2      25844      25843
     25840          2      25845      25844
     25920          2      25846      25845
     26000          2      25847      25846
     26080          2      25848      25847
     26160          2      25849      25848
     26240          2      25850      25849
     26320          2      25851      25850
     26400          2      25852      25851
     26480          2      25853      25852
     26560          2      25854      25853
     26640          2      25855      25854
     26720          2      25856      25855
     26800          2      25857      25856
     26880          2      25858      25857
     26960          2      25859      25858
     27040          2      25860      25859
     27120          2      25861      25860
     27200          2      25862      25861
     27280          2      25863      25862
     27360          2      25864      25863
     27440          2      25865      25864
     27520          2          2      25865
     37617          2      38017      38097
     37697          2      38097      38098
     37777          2      38098      38099
     37857          2      38099      38100
     37937          2      38100      38101
     38017          2      38101      38102
     38097          2      38102      38103
     38177          2      38103      38104
     38257          2      38104      38105
     38337          2      38105      38106
     38417          2      38106      38107
     38497          2      38107      38108
     38577          2      38108      38109
     38657          2      38109      38110
     38737          2      38110      38111
     38817          2      38111      38112
     38897          2      38112      38113
     38977          2      38113      38114
     39057          2      38114      38115
     39137          2      38115      38116
     39217          2      38116      38117
     39297          2      38117      38118
     39377          2      38118      38119
     39457          2      38119      38120
     39537          2      38120      38121
     39617          2      38121      38122
     39697          2      38122         82
